1616332499121 4.554489227703462 0
1616332632552 4.098476074944167 1
1616332766977 3.9914150315087094 2
1616332907080 3.931072761129399 3
1616333050880 3.8940600018330973 4
1616333199465 3.8654875718904567 5
1616333350284 3.8439285003109744 6
1616333504842 3.82703808198905 7
1616333667036 3.813642705739221 8
1616333826935 3.801628262217571 9
1616333999654 3.791549807044182 10
1616334177243 3.7819815167745885 11
1616334353431 3.774001045206604 12
1616334531313 3.7664168846256243 13
1616334714142 3.759555295902223 14
1616334900595 3.753840183604557 15
1616335090285 3.748553485431002 16
1616335284019 3.7430497669421845 17
1616335482447 3.738725854719258 18
1616335682957 3.736425503398786 19
