1616351004118 3.3020264610164256 0
1616351127865 2.6190701605653635 1
1616351256200 2.4989820621954073 2
1616351385933 2.440307843973776 3
1616351519731 2.4049280937487363 4
1616351654167 2.3791036477792353 5
1616351790857 2.359157736796512 6
1616351929213 2.345320642920198 7
1616352072250 2.334575414526683 8
1616352216321 2.32309104806801 9
1616352367543 2.315953566228496 10
1616352519646 2.3074145465504827 11
1616352674658 2.299892889121172 12
1616352832210 2.2940328721190224 13
1616352992533 2.290239911289362 14
